K = [ 0 2.3e6 5e8 0 8e6 ];
b2 = 15020;
b1 = 350;
k2 = 500000;
k1 = 80000;
m2 = 320;
m1 = 2500;
SuspensionModel;